image_width: 640
image_height: 480
camera_name: head_camera
camera_matrix:
  rows: 3
  cols: 3
  data: [1075.495731811294, 0, 309.8269842450518, 0, 1068.78958062366, 194.4578119063465, 0, 0, 1]
distortion_model: plumb_bob
distortion_coefficients:
  rows: 1
  cols: 5
  data: [0.3124943119566032, -1.326148060061304, -0.02044058414998151, 0.001265602326028803, 0]
rectification_matrix:
  rows: 3
  cols: 3
  data: [1, 0, 0, 0, 1, 0, 0, 0, 1]
projection_matrix:
  rows: 3
  cols: 4
  data: [1103.016566273743, 0, 310.2207575873673, 0, 0, 1085.808505257331, 189.9069307721714, 0, 0, 0, 1, 0]